name: moviebuddies
channels:
  - anaconda
  - defaults
dependencies:
  - blas=1.0=mkl
  - certifi=2019.3.9=py27_0
  - click=7.0=py27_0
  - flask=1.0.2=py27_1
  - icc_rt=2019.0.0=h0cc432a_1
  - intel-openmp=2019.3=203
  - itsdangerous=1.1.0=py27_0
  - jinja2=2.10.1=py27_0
  - markupsafe=1.1.1=py27h0c8e037_0
  - mkl=2019.3=203
  - mkl_fft=1.0.10=py27h44c1dab_0
  - msvc_runtime=1.0.1=vc9_0
  - numpy=1.16.2=py27h5fc8d92_0
  - numpy-base=1.16.2=py27hb1d0314_0
  - pip=19.0.3=py27_0
  - python=2.7.15=h2880e7c_4
  - scikit-learn=0.20.3=py27hf381715_0
  - scipy=1.2.1=py27h4c3ab11_0
  - setuptools=40.8.0=py27_0
  - sqlite=3.20.1=vc9h5ec81ce_1
  - vc=9=h7299396_1
  - vs2008_runtime=9.00.30729.1=hfaea7d5_1
  - vs2015_runtime=14.15.26706=h3a45250_0
  - werkzeug=0.15.2=py_0
  - wheel=0.33.1=py27_0
  - wincertstore=0.2=py27hf04cefb_0
prefix: C:\Users\Mary Cassie\.conda\envs\moviebuddies

